TILEMAP
864 48 							-- Size of tile map in tiles
4 4  							-- Tile size & block size
images/blocks.png 	-- Tilesheet
2 2 								-- Number of tiles in tilesheet
111111111111111111111111111111111111111111111111111111111111111111111111111111111111111111111111111111111111111111111111111111111111111111111111111111111111111111111111111111111111111111111111111111111111111111111111111111111111111111111111111111111111111111111111111111111111111111111111111111111111111111111111111111111111111111111111111111111111111111111111111111111111111111111111111111111111111111111111111111111111111111111111111111111111111111111111111111111111111111111111111111111111111111111111111111111111111111111111111111111111111111111111111111111111111111111111111111111111111111111111111111111111111111111111111111111111111111111111111111111111111111111111111111111111111111111111111111111111111111111111111111111111111111111111111111111111111111111111111111111111111111111111111111111111111111111111111111111111111111111111111111111111111111111111
111111111111111111111111111111111111111111111111111111111111111111111111111111111111111111111111111111111111111111111111111111111111111111111111111111111111111111111111111111111111111111111111111111111111111111111111111111111111111111111111111111111111111111111111111111111111122222222222222222222222222222222222222222222222222222222222222222222222222222222222222222222222222222222222222222222222222222222222222222222222222222222222222222222222222222222222222222222222222222222222222222222222222222222222222222222222222222222222222222222222222222222222222222222222222222222222222222222222222222222222222222222222222222222222222222222222222222222222222222222222222222222222222222222222222222222222221111111111111111111111111111111111111111111111111111111111111111111111111111111111111111111111111111111111111111111111111111111111111111111111111111111111111111111111
1                                                                                                                                                                                                                                                                                   111111111111                                             111111111111111111111111                                                111111111111            111111111111                        111111111111                                                111111111111            1111111111111111111111111111111111111                       111111111111                                                1111111111111111111111111                                                                                                                                                                         1
1                                                                                                                                                                                                                                                                                     11111111111111111111                                    111111111111111111111111                                                11111111                    11111111                        111111111111                                                111111111111             111111111111111111111111111111111111                       111111111111                                                1111111111111111111111111                                                                                                                                                                        1
1                                                                                                                                                                                                                                                                                      111111111111111111                                    111111111111111111111111                                                111111                        111111                        111111111111                                                111111111111               1111111111111111111111111111111111                       111111111111                                                1111111111111111111111111                                                                                                                                                                         1
1                                                                                                                                                                                                                                                                                        11111111111111111                                    111111111111111111111111                                                11111                          11111                        111111111111                                                111111111111                111111111111111111111111111111111                       111111111111                                                1111111111111111111111111                                                                                                                                                                        1
1                                                                                                                                                                                                                                                                                         1111111111111111                                                111111111111                                                1111                            1111                                                                                    111111111111                111111111111111111111111111111111                                                                                               1111111111111                                                                                                                                                                        1
1                                                                                                                                                                                                                                                                                         1111111111111111                                                111111111111                                                                                                                                                                        111111111111                111111111111111111111111111111111                                                                                               1111111111111                                                                                                                                                                        1
1                                                                                                                                                                                                                                                                                         111111111111                                                    111111111111                                                                                                                                                                        111111111111                111111111111111111111111111111111                                                                                               1111111111111                                                                                                                                                                        1
1                                                                                                                                                                                                                                                                                       11111111111111                                                    111111111111                                                                                                                                                                        111111111111                 11111111111111111111111111111111                                                                                               1111111111111                                                                                                                                                                        1
1                                                                                                                                                                                                                                                                                     1111111111111111                                                                                                                                                                                                                                                                        11111111111111111111111111111                                                                                                                                                                                                                                                                                    1
1                                                                                                                                                                                                                                                                                    111111111111111111111                                                                                                                                                                                                                                                                  1111111111111111111111111111111                                                                                                                                                                                                                                                                                    1
1                                                                                                                                                                                                                                                                                    111111111111111111111                                                                                                                                                                                                                                                                111111111111111111111111111111111                                                                                                                                                                                                                                                                                    1
1                                                                                                                                                                                                                                                                                    111111111111111111111                                                                                                                                                                                                                                                              11111111111111111111111111111111111                                                                                                                                                                                                                                                                                    1
1                                                                                                                                                                                                                                                                                    111111111111111111111                                                                                                                                                                                                                                                             11111111111111111111111111111111111                                                                                                                                                                                                                                                                                     1
1                                                                                                                                                                                                                                                                                    111111111111111111111                                                                                                                                                                                                                                                            11111111111111111111111111111111111                                                                                                                                                                                                                                                                                      1
1                                                                                                                                                                                                                                                                                    111111111111111111111                                                                                                                                                                                                                                                            1111111111   111111111111111111                                                                                                                                                                                                                                                                                          1
1                                                                                                                                                                                                                                                                                       11111111111111                                                                                                                                                                                                                                                                111111111    11111111111111111                                                                                                                                                                                                                                                                                           1
1                                                                                                                                                                                                                                                                                       11111111111111                                                                                                                                                                                                                                                                11  1111           111111                                                                                                                                                                                                                                                                                                1
1                                                                                                                                                                                                                                                                                                                                                                                                                                                                                                                                                                                                                                                                                                                                                                                                                                                                                              1
1                                                                                                                                                                                                                                                                                                                                                                                                                                                                                                                                                                                                                                                                                                                                                                                                                                                                                              1
1                                                                                                                                                                                                                                                                                                                                                                                                                                                                                                                                                                                                                                                                                                                                                                                                                                                                                              1
1                                                                                                                                                                                                                                                                                                                                                                                                                                                                                                                                                                                                                                                                                                                                                                                                                                                                                              1
1                                                                                                                                                                                                                                                                                                                                                                                                                                                                                                                                                                                                                                                                                                                                                                                                                                                                                              1
1                                                                                                                                                                                                                                                                                                                                                                                                                                                                                                                                                                                                                                                                                                                                                                                                                                                                                              1
1                                                                                                                                                                                                                                                                                                                                                                                                                                                                                                                                                                                                                                                                                                                                                                                                                                                                                              1
1                                                                                                                                                                                                                                                                                                                                                                                                                                                                                                                                                                                                                                                                                                                                                                                                                                                                                              1
1                                                                                                                                                                                                                                                                                                                                                                                                                                                                                                                                                                                                                                                                                                                                                                                                                                                                                              1
1                                                                                                                                                                                                                                                                                                                                                                                                                                                                                                                                                                                                                                                                                                                                                                                                                                                                                              1
1                                                                                                                                                                                                                                                                                       11111111111111                                                                                                                                                                                                                                                                11                 111111                                                                                                                                                                                                                                                                                                1
1                                                                                                                                                                                                                                                                                       11111111111111                                                                                                                                                                                                                                                                111111111    11111111111111111                                                                                                                                                                                                                                                                                           1
1                                                                                                                                                                                                                                                                                    111111111111111111111                                                                                                                                                                                                                                                            1111111111   111111111111111111                                                                                                                                                                                                                                                                                          1
1                                                                                                                                                                                                                                                                                    111111111111111111111                                                                                                                                                                                                                                                            11111111111111111111111111111111111                                                                                                                                                                                                                                                                                      1
1                                                                                                                                                                                                                                                                                    111111111111111111111                                                                                                                                                                                                                                                             11111111111111111111111111111111111                                                                                                                                                                                                                                                                                     1
1                                                                                                                                                                                                                                                                                    111111111111111111111                                                                                                                                                                                                                                                              11111111111111111111111111111111111                                                                                                                                                                                                                                                                                    1
1                                                                                                                                                                                                                                                                                    111111111111111111111                                                                                                                                                                                                                                                                111111111111111111111111111111111                                                                                                                                                                                                                                                                                    1
1                                                                                                                                                                                                                                                                                    111111111111111111111                                                                                                                                                                                                                                                                  1111111111111111111111111111111                                                                                                                                                                                                                                                                                    1
1                                                                                                                                                                                                                                                                                     1111111111111111                                                                                                                                                                                                                                                                        11111111111111111111111111111                                                                                                                                                                                                                                                                                    1
1                                             222222222222                                                                                                111111111111                                                                                                                  11111111111111                                                    111111111111                                                                                                            111111111111                                                111111111111                 11111111111111111111111111111111                                                                                               1111111111111                                                                                                                                                                        1
1                                             211111111112                                                                                                111111111111                                                                                                                    111111111111                                                    111111111111                                                                                                            111111111111                                                111111111111                11111111111111111111111111111111                                                                                                1111111111111                                                                                                                                                                        1
1                                             211111111112                                                                                                111111111111                                                                                                                    1111111111111111                                                111111111111                                                                                                            111111111111                                                111111111111                11111111111111111111111111111111                                                                                                1111111111111                                                                                                                                                                        1
1                                             211111111112                                                                                                111111111111                                                                                                                    1111111111111111                                                111111111111                                                1111                            1111                        111111111111                                                111111111111                11111111111111111111111111111111                                                                                                1111111111111                                                                                                                                                                        1
1                                             211111111111111111111112                                                            111111111111            111111111111                                                                                    111111111111                   11111111111111111                                    111111111111111111111111                                                11111                          11111                        111111111111                                    111111111111111111111111                11111111111111111111111111111111                        111111111111                                                1111111111111111111111111                                                                                                                                                                        1
1                                             211111111111111111111112                                                            111111111111            111111111111                                                                                    111111111111                  111111111111111111                                    111111111111111111111111                                                111111                        111111                        111111111111                                    111111111111111111111111               111111111111111111111111111111111                        111111111111                                                1111111111111111111111111                                                                                                                                                                        1
1                                             211111111111111111111112                                                            111111111111            111111111111                                                                                    111111111111                11111111111111111111                                    111111111111111111111111                                                11111111                    11111111                        111111111111                                    111111111111111111111111             11111111111111111111111111111111111                        111111111111                                                1111111111111111111111111                                                                                                                                                                        1
1                                             211111111111111111111112                                                            111111111111            111111111111                                                                                    111111111111               111111111111                                             111111111111111111111111                                                111111111111            111111111111                        111111111111                                    111111111111111111111111            111111111111111111111111111111111111 	                      111111111111                                                1111111111111111111111111                                                                                                                                                                    1
222222222222222222222222222222222222222222222222222222222222222222222222222222222222222222222222222222222222222222222222222222222222222222222222222222222222222222222222222222222222222222222222222222222222222222222222222222222222222222222222222222222222222222222222222222222222222222222222222222222222222222222222222222222222222222222222222222222222222222222222222222222222222222222222222222222222222222222222222222222222222222222222222222222222222222222222222222222222222222222222222222222222222222222222222222222222222222222222222222222222222222222222222222222222222222222222222222222222222222222222222222222222222222222222222222222222222222222222222222222222222222222222222222222222222222222222222222222222222222222222222222222222222222222222222222222222222222222222222222222222222222222222222222222222222222222222222222222222222222222222222222222222222222222222
111111111111111111111111111111111111111111111111111111111111111111111111111111111111111111111111111111111111111111111111111111111111111111111111111111111111111111111111111111111111111111111111111111111111111111111111111111111111111111111111111111111111111111111111111111111111111111111111111111111111111111111111111111111111111111111111111111111111111111111111111111111111111111111111111111111111111111111111111111111111111111111111111111111111111111111111111111111111111111111111111111111111111111111111111111111111111111111111111111111111111111111111111111111111111111111111111111111111111111111111111111111111111111111111111111111111111111111111111111111111111111111111111111111111111111111111111111111111111111111111111111111111111111111111111111111111111111111111111111111111111111111111111111111111111111111111111111111111111111111111111111111111111111111111